# AFNI interactive cluster table
# 3dClusterize -nosum -1Dformat -inset /media/hdd2/users/neuro4/hw/stats.FT1.aligned.nii.gz -idat 1 -ithr 2 -NN 1 -clust_nvox 40 -bisided -1.9731 1.9731
#Coordinate order = RAI
#Voxels  CM x   CM y   CM z  Peak x Peak y Peak z
#------ ------ ------ ------ ------ ------ ------
 150568   +6.1  +32.2  +34.0  -17.1  +35.9  +79.4
  22218   +2.8  +70.8  +19.9   -0.2  +82.8  +31.4
  12729   +1.5   -6.8  +10.6  +10.1   +9.7  -11.6
   6943   +1.0  -43.0  +20.5   -3.1  -49.4  +17.4
   5372  -27.1  +36.0  +29.1  -30.2  +36.9  +20.4
   3785  +37.7  +42.9  +13.3  +35.4  +45.3  +14.4
   2119  -57.7  +35.3  +29.2  -61.2  +36.9  +30.4
   1681  -10.8   +8.8  +49.5   -7.7   +6.9  +50.4
   1680  -24.0  -20.2  +38.0  -22.7  -11.9  +37.4
   1673  -22.8  +68.0  +38.7   -7.7  +82.8  +38.4
   1632  +37.7  -22.8  +30.0  +46.6  -20.3  +30.4
   1534  -33.6  +43.7  +75.4  -41.5  +41.6  +74.4
   1520  +27.4  -12.1  +40.0  +29.8   -4.4  +38.4
   1401  -59.5  +24.5  +16.4  -71.5  +31.2  +13.4
   1216  +22.6  +58.4  +74.9  +21.3  +62.2  +75.4
   1199  +35.0  +68.2  -24.2  +39.1  +59.4  -35.6
   1103  +20.9  +33.1  +39.5  +19.4  +36.9  +46.4
   1097  -15.6  +72.2  -26.4  -17.1  +80.9  -23.6
    987  -38.0   +4.2  +37.7  -40.6   +4.1  +36.4
    922   -9.4  +44.6  -25.1  -15.2  +46.2  -24.6
    920  -10.7  +64.3   -4.4  -17.1  +68.7   -4.6
    914  -50.2  +47.8  +37.5  -53.7  +61.2  +42.4
    899  -46.6  -16.5  +18.2  -50.9  -17.5   +8.4
    858   +9.3  +49.6  +25.1   +3.5  +39.7  +18.4
    836  -30.1  +58.4  +20.6  -27.4  +65.9  +17.4
    798   +6.7  +75.1  +44.6   +4.4  +74.4  +45.4
    797  -31.6  +42.8  -20.1  -35.9  +37.8  -19.6
    792  -29.1  -18.7  -12.4  -28.4  -16.6  -12.6
    780  +19.8  +70.8   -2.5  +23.2  +66.9   -3.6
    778  -29.7  +62.8  +51.4  -29.3  +63.1  +49.4
    771  +30.4  +40.4  +77.4  +27.9  +42.5  +80.4
    728  +24.3  +16.1  +42.0  +23.2  +20.9  +43.4
    703  +41.7  +52.2  -20.3  +39.1  +48.1  -23.6
    684  +31.1  +80.5  -12.3  +31.6  +82.8  -10.6
    670  +38.1   -4.6  +13.0  +36.3   -4.4  +13.4
    560  -26.3  +16.7  +73.3  -28.4  +13.4  +73.4
    528  -36.1  +55.9  -12.4  -34.0  +54.7  -12.6
    512  +24.3  +49.8  -36.1  +26.9  +47.2  -34.6
    502  +32.4  -15.0  -14.1  +28.8  -12.8  -11.6
    485  -16.9  +25.3  +51.3  -12.4  +23.7  +45.4
    479  +19.1   +5.4  +14.5  +17.6   +4.1  +13.4
    456  +14.5  -26.7  +50.8  +14.8  -26.9  +50.4
    454  +55.2  +43.8  +27.2  +55.1  +44.4  +26.4
    435   +8.0  +53.9  -43.3   +9.1  +53.7  -43.6
    426  +21.1  -29.7  +26.9  +23.2  -33.4  +25.4
    418  -27.2  +47.5  +41.5  -29.3  +49.1  +50.4
    416  +39.5   +4.5   +1.2  +41.9   +6.9   +1.4
    412  -26.7   +1.1  +49.6  -26.5   +0.3  +46.4
    408  +46.7  -14.4  -11.1  +50.4  -14.7  -10.6
    397  +27.3  +52.1  +33.8  +27.9  +52.8  +33.4
    394  +46.9  -33.1   +6.0  +53.2  -29.7   +9.4
    386  -29.3  +71.5  +57.1  -26.5  +73.4  +57.4
    384   +8.9  +72.4  -26.1   +7.3  +75.3  -28.6
    381  -26.6  +43.5  +26.1  -22.7  +38.7  +29.4
    370  -51.3  +38.4  +50.0  -49.9  +36.9  +49.4
    364  -50.9  +51.7  +12.2  -51.8  +52.8  +12.4
    363  +47.8  +13.1   -8.1  +45.7  +13.4  -10.6
    359  -21.1  +36.9  -28.8  -19.0  +31.2  -28.6
    358  +14.1  -24.6  +38.1  +11.9  -24.1  +37.4
    356  -28.4  +16.4  +39.1  -27.4  +11.6  +42.4
    352  -35.5  +10.0  +54.0  -31.2  +13.4  +54.4
    348  -35.3  +73.5  +13.1  -34.9  +72.5  +12.4
    338  -50.7   +1.3  +10.5  -51.8   +2.2  +12.4
    337  -30.8  +58.7  -24.2  -30.2  +58.4  -24.6
    331  +36.2  -41.4  +12.5  +38.2  -42.8   +8.4
    320  +27.5  -43.2  +24.3  +22.3  -46.6  +20.4
    315  +49.5   -3.1   +0.3  +50.4   -5.3   +1.4
    313  +29.5  -31.9   +7.3  +28.8  -36.3   +8.4
    295   -0.5  +53.4  -36.5   -1.2  +52.8  -36.6
    293  +19.4  +53.9  -25.5  +20.4  +52.8  -28.6
    292   +1.1  +32.5  -25.1   +1.6  +31.2  -27.6
    291  +59.6  +24.1  +25.9  +58.8  +23.7  +26.4
    290  +25.8  +48.9   -0.4  +27.9  +48.1   -3.6
    286  +62.7  +45.6  +15.2  +67.3  +46.2  +14.4
    286  -47.9  -15.4  +36.6  -48.1  -14.7  +35.4
    283  +15.8  +33.0  +56.3  +12.9  +33.1  +55.4
    282  +16.0  -36.2  +39.5  +14.8  -36.3  +41.4
    278  -56.9  +35.7  +58.9  -57.4  +40.6  +61.4
    277   -9.8  +62.9  -16.7  -11.5  +61.2  -16.6
    276   -8.0  +49.9   -9.4   -5.9  +49.1  -11.6
    275  -23.3  -28.9   -0.5  -17.1  -31.6   +0.4
    274  -41.3  -18.9  -19.0  -47.1  -19.4  -17.6
    270  -30.2  -38.4  +11.9  -28.4  -40.0  +12.4
    270  -29.5  +68.0  +64.3  -29.3  +70.6  +62.4
    267  +28.5  +63.5  -36.5  +26.9  +62.2  -39.6
    255  +44.0   +3.1  -16.8  +41.0   -2.5  -15.6
    253   +0.7  -28.8  +43.0   +2.6  -32.5  +42.4
    249  +42.8  -10.9   -0.4  +43.8  -10.9   +1.4
    248  -38.2  +69.3  -25.6  -36.8  +71.6  -28.6
    247  -42.7   +4.4  -26.0  -42.4   +4.1  -24.6
    238  +24.7  +89.3  +14.1  +25.1  +89.4  +14.4
    236  +63.8   +8.1   +2.0  +65.4   +7.8   +1.4
    226  +52.4  +29.1  +63.3  +53.2  +30.3  +63.4
    216  +12.9  +79.6   +2.0  +10.1  +79.1   +1.4
    214   +8.2  +49.9  -11.0   +8.2  +50.0  -11.6
    211  +22.9  +85.7  +39.4  +25.1  +86.6  +38.4
    197  +36.2  +56.1  -11.8  +38.2  +58.4  -10.6
    180  +26.5   +0.3  +32.4  +26.9   +1.2  +33.4
    179  +49.8  -12.2  +18.4  +53.2  -13.8  +18.4
    177  -23.5  +19.2  +49.7  -24.6  +21.9  +50.4
    168  -66.9  +30.3  +47.9  -68.7  +32.2  +47.4
    164  +49.3   -9.9  +28.0  +50.4  -10.9  +30.4
    164  +28.2  +43.4  -19.7  +35.4  +42.5  -18.6
    164  -18.3   -2.1  +66.6  -18.1   -1.6  +66.4
    157  +25.1  +74.9  -35.0  +25.1  +75.3  -35.6
    157  +42.3  +44.2  +26.5  +41.9  +44.4  +26.4
    157   -6.8   +2.9   -4.7   -5.9   +2.2   -6.6
    155   -3.1  +74.6   -8.3   -4.0  +75.3   -6.6
    155  +62.3  +49.2  +49.5  +63.5  +49.1  +51.4
    154  +18.6  +42.4   +1.6  +17.6  +41.6   +1.4
    151  -18.6   +9.9  +12.8  -18.1   +9.7  +12.4
    150  +31.6  -16.4   +6.5  +31.6  -15.6   +5.4
    150  -26.0   -5.1  +32.0  -25.6   -5.3  +32.4
    149  +41.1   +8.9  +38.7  +41.9   +8.7  +38.4
    148  +10.2  +94.8  +13.6   +9.1  +95.0  +13.4
    148  -34.4   -6.8  +61.0  -34.0   -5.3  +61.4
    145   -4.4  +51.1  -43.9   -4.9  +52.8  -43.6
    144  -41.8  -14.4  -13.1  -41.5  -13.8  -12.6
    139   -7.3   +1.9   +7.1   -7.7   +2.2   +7.4
    138  -32.4  +51.9  +62.9  -33.1  +51.9  +62.4
    137  -40.4  +22.3  +24.6  -40.6  +22.8  +24.4
    137  +14.1   -5.8   +0.9  +14.8   -5.3   +0.4
    136  +37.5  +14.0  -25.8  +38.2  +14.4  -27.6
    136   -4.3  +57.8  +74.9   -4.0  +58.4  +74.4
    133  -24.6  +64.5  -38.5  -24.6  +65.0  -40.6
    132  -25.0  +20.2  +29.4  -25.6  +20.9  +29.4
    132  -31.0  +27.3  +44.0  -32.1  +27.5  +44.4
    129   -6.4  +68.0  -23.7   -5.9  +67.8  -23.6
    127   -2.6  +15.3  +50.4   -2.1  +14.4  +50.4
    126  -19.7  +47.3  -11.9  -19.9  +47.2  -11.6
    126  +70.3  +25.3  +24.5  +71.0  +24.7  +27.4
    125  +36.1  +42.2  -11.3  +37.3  +41.6  -10.6
    125  -24.5  +87.4   +5.6  -25.6  +88.4   +5.4
    124  +33.8   +3.1  -21.3  +32.6   +3.1  -21.6
    122   -0.1  +24.2  +25.5   +0.7  +23.7  +25.4
    121  -49.3  +20.4  +31.9  -49.0  +20.0  +32.4
    121   -5.2   +9.9  +12.9   -4.9   +9.7  +13.4
    121   +7.4  +43.1  +82.2   +6.3  +43.4  +83.4
    119  +64.6   +1.9  +17.2  +65.4   +1.2  +18.4
    118   +9.1  +75.5   -9.0  +10.1  +76.2   -6.6
    118  +31.4  +74.2   +1.6  +31.6  +74.4   +1.4
    117  -48.6   -9.5  -20.2  -49.9   -9.1  -20.6
    117  +18.1  -31.6  +19.1  +18.5  -30.6  +17.4
    116   -6.7  +81.4  -12.6   -6.8  +81.9  -11.6
    115  +24.0  -45.8  +13.1  +25.1  -45.6  +13.4
    114  -21.7  +65.1  -11.9  -21.8  +65.0  -11.6
    113  -27.7  +71.8  -24.2  -27.4  +71.6  -24.6
    112  +67.7  +16.9   +1.9  +68.2  +14.4   +2.4
    111  +11.5  -47.3  +30.3  +10.1  -45.6  +30.4
    111  +43.9  +59.0  +39.1  +43.8  +58.4  +39.4
    110  +34.4  -32.6   +1.1  +34.4  -33.4   +1.4
    109  -21.7  +78.7  -17.5  -21.8  +80.9  -19.6
    105  +60.1   +9.4  -10.3  +62.6  +10.6  -10.6
    105  +32.0  +79.5   -6.0  +38.2  +76.2   -5.6
    103  +39.9  +25.7  +13.8  +39.1  +26.6  +14.4
    101  +47.0  -35.7  +16.8  +44.8  -36.3  +18.4
    101  -56.7  +52.3  +50.5  -57.4  +53.7  +49.4
    100  -54.2  +46.7  +24.5  -53.7  +47.2  +24.4
     99  -33.3   +7.6  +32.3  -34.0   +6.9  +32.4
     99   -3.3  -12.0   +1.6   -3.1  -13.8   -3.6
     97   -4.7  +68.6   +5.2   -4.0  +69.7   +5.4
     93   +9.3  +53.4  -31.1  +11.0  +53.7  -31.6
     93  -30.9  +61.3  -36.6  -33.1  +62.2  -35.6
     93  +39.2  -32.2  +21.0  +38.2  -32.5  +19.4
     90  -54.0   +4.1  -15.7  -54.6   +2.2  -17.6
     86  +56.9  +15.7   -8.5  +58.8  +16.2  -10.6
     86  -11.5  +10.9  +38.3  -11.5  +10.6  +37.4
     85  -27.2  +62.1  -17.3  -27.4  +59.4  -16.6
     84  -19.7   -0.1  +58.1  -20.9   +0.3  +57.4
     83  -46.5  -22.0  +26.6  -47.1  -21.3  +24.4
     82   -9.9  +58.2  -11.7   -9.6  +58.4  -11.6
     82  -29.4  +31.3  -16.4  -30.2  +31.2  -16.6
     80  +17.8  +48.4  -19.5  +17.6  +48.1  -19.6
     80  +59.8  +35.9   +9.8  +57.9  +38.7   +9.4
     80  -14.9  -33.3   +8.4  -16.2  -34.4   +8.4
     79  -49.2  +41.9  +16.6  -48.1  +41.6  +16.4
     79  +62.5  +15.3   +6.9  +67.3  +13.4   +6.4
     78  -19.1  -39.2  +36.8  -19.0  -39.1  +36.4
     76  +23.7  -20.3  +60.1  +23.2  -19.4  +59.4
     75  -40.9  +11.4  -25.1  -41.5  +11.6  -24.6
     75  -30.0  +23.7   +8.1  -30.2  +23.7   +8.4
     75  +65.7  +39.2  +44.7  +66.3  +40.6  +46.4
     73   +0.2  -20.5  +25.3   -0.2  -21.3  +25.4
     73   +8.4   -5.5  +62.5   +8.2   -5.3  +62.4
     73  +20.1  +84.6   +9.5  +22.3  +82.8   +9.4
     72   -8.7  +86.9   +5.5   -6.8  +85.6   +5.4
     68   -0.9  +60.3  -27.0   -1.2  +62.2  -28.6
     68  +52.1  +48.1  +21.8  +51.3  +48.1  +22.4
     66  -18.6  +70.2  -36.6  -19.0  +71.6  -36.6
     66   -9.8  +71.4  -36.4   -8.7  +71.6  -36.6
     66  +37.3   -6.5  -18.9  +38.2   -7.2  -18.6
     66  -10.3  -12.5  +66.2  -10.6  -11.9  +65.4
     65   -8.5  +29.7  -29.8   -9.6  +28.4  -29.6
     65  +46.6  +83.0  +24.5  +46.6  +83.7  +22.4
     65  +29.2  +43.9  +56.9  +26.0  +44.4  +56.4
     64  +52.7  +10.0  -21.4  +53.2   +9.7  -23.6
     63  -13.0  -17.6   +0.1  -13.4  -18.4   +0.4
     63  -15.4  +33.9   -4.5  -15.2  +33.1   -4.6
     62   +9.6  +12.2  +32.1  +10.1  +11.6  +31.4
     62  +12.5  +42.8  +37.6  +12.9  +42.5  +38.4
     62  +13.7  +43.4  +50.5  +13.8  +43.4  +50.4
     62  +15.8  +58.2  +51.0  +15.7  +58.4  +50.4
     61  +24.1  +55.3   -8.6  +25.1  +55.6   -6.6
     59   -4.5  +53.2  +52.8   -3.1  +54.7  +50.4
     58  -21.6  -16.2  +32.1  -20.9  -15.6  +32.4
     56  +22.8  -28.9   -0.1  +22.3  -30.6   -3.6
     56  -45.2   -4.2  +16.1  -45.2   -3.4  +16.4
     56  -31.7  -34.7  +18.7  -31.2  -34.4  +18.4
     55  +31.3  -24.3  +13.1  +31.6  -24.1  +13.4
     55  -15.9  +43.1  +37.7  -15.2  +43.4  +37.4
     55  -22.4  +65.3  -29.3  -21.8  +65.0  -29.6
     55  -30.3  -11.6   +4.7  -30.2  -11.9   +4.4
     54   +4.5   +9.0  +74.0   +5.4   +9.7  +74.4
     54  -11.6  +24.2   -5.3  -13.4  +24.7   -6.6
     53  +32.9  +55.5  -40.3  +33.5  +56.6  -40.6
     53  +56.1   -1.4   -5.8  +56.0   -1.6   -5.6
     52  -10.5  +10.2   +1.4  -11.5  +11.6   -2.6
     52   -2.7  +33.0  +56.8   -3.1  +33.1  +56.4
     51  -13.8  +75.9  -11.6  -14.3  +78.1  -11.6
     51  -34.1  +81.6   +7.8  -34.9  +81.9   +8.4
     49  +33.5   +0.5  +26.6  +33.5   +0.3  +26.4
     48  -12.3  -22.7  +48.8  -13.4  -23.1  +48.4
     48  -30.6  -22.4  -24.8  -30.2  -22.2  -23.6
     46   -8.1  +28.4   +0.1   -8.7  +28.4   +0.4
     46  -55.9  -17.7  +23.3  -55.6  -17.5  +23.4
     45  +54.3   +4.3  +38.8  +56.0   +2.2  +38.4
     44   -9.1  -35.9  +42.0  -10.6  -35.3  +41.4
     43  -55.3  -15.4   -0.3  -56.5  -13.8   -0.6
     43  +36.9  +17.0  +17.1  +37.3  +17.2  +18.4
     43  +47.0  +33.1  +26.4  +46.6  +33.1  +26.4
     42  +31.9  -12.0  +33.2  +31.6  -11.9  +33.4
     41  +36.8  +15.5  -15.3  +37.3  +16.2  -15.6
     41  +64.3  +17.2  +44.8  +64.4  +15.3  +45.4
     40  -48.0  -21.8   +4.5  -48.1  -21.3   +4.4
     40  -31.6   -6.9  -26.4  -29.3   -7.2  -29.6
     40  +23.9  +15.7  -19.0  +23.2  +16.2  -19.6
     40  +67.1  +20.8   +7.9  +68.2  +20.0   +7.4