# AFNI interactive cluster table
# 3dClusterize -nosum -1Dformat -inset /media/hdd2/users/neuro4/hw/stats.FT1.aligned.nii.gz -idat 10 -ithr 11 -NN 1 -clust_nvox 40 -bisided -1.9731 1.9731
#Coordinate order = RAI
#Voxels  CM x   CM y   CM z  Peak x Peak y Peak z
#------ ------ ------ ------ ------ ------ ------
  29717  +20.6  +69.7  +29.9   -4.0  +88.4  +12.4
  16308   -1.6  +17.1  +49.9   -4.9  -10.9  +50.4
   8426  -25.1  +66.9  +43.7  -24.6  +76.2  +49.4
   2924  -46.4  -10.0  +30.4  -48.1  -11.9  +37.4
   2871  +32.6  +62.0   -1.2  +26.0  +63.1   -3.6
   2413  +29.0  +33.8  +72.8  +31.6  +28.4  +75.4
   2336  -23.3  +59.0  +66.3  -44.3  +51.9  +66.4
   2326  +31.3   +1.3  -12.3  +27.9   -6.3   -6.6
   2140   -3.1  +10.4  +32.6   -8.7   +3.1  +30.4
   1969  -43.3   +6.1  +48.9  -49.0   -0.6  +46.4
   1932  -18.9  +43.6  +10.8   -9.6  +44.4  +13.4
   1891  -44.1  +45.1  +22.5  -44.3  +41.6  +24.4
   1645  -10.2   +9.7  +15.0  -11.5   +5.9  +25.4
   1459  -29.5  +49.7   -1.8  -31.2  +47.2   -7.6
   1427   +1.5  +34.0  +16.9   -0.2  +38.7  +13.4
   1416  -40.2  -18.9  +13.0  -43.4  -20.3  +16.4
   1341  +12.4  +14.0   -9.8   +9.1   +8.7  -11.6
   1210  -14.1  +60.4  -10.4   -8.7  +63.1  -11.6
   1157  +22.2  +50.7  -22.9  +21.3  +48.1  -23.6
    996   +9.1  +18.0  +10.1  +11.9  +10.6   +0.4
    938   -9.4  +56.2  -36.9  -12.4  +59.4  -36.6
    928  -27.4  +36.5  +22.0  -27.4  +35.0  +20.4
    911  +38.2  +59.0  -23.3  +36.3  +54.7  -23.6
    749  +20.8   +1.7  +11.1  +21.3   +1.2   +7.4
    732  -59.9  +34.3  +25.0  -62.1  +35.0  +29.4
    727  +48.9  +11.9   +3.8  +44.8  +13.4   +6.4
    727  -19.8  +38.7  +62.3  -19.0  +37.8  +58.4
    678  -66.0  +35.2  +44.6  -69.6  +35.0  +44.4
    660  +16.8   +8.2  +23.4  +12.9   +7.8  +25.4
    633   -6.0  +24.4   +4.8   -1.2  +25.6   +8.4
    620  +28.0  +39.5  +48.6  +28.8  +39.7  +46.4
    585  -34.8  +60.2  +39.7  -34.0  +60.3  +37.4
    534  +35.6  -14.3   +5.2  +32.6  -14.7   +6.4
    523  +10.7  +17.8  +70.1  +11.0  +15.3  +70.4
    519  +37.0  -35.9   +8.6  +35.4  -40.0   +8.4
    504   -1.3  +43.3  -18.3   +0.7  +43.4  -18.6
    499  -17.7  +21.4  +24.8  -17.1  +21.9  +25.4
    483  +13.7  +67.0   +1.2  +15.7  +70.6   +1.4
    477  -57.9   +8.5   -0.2  -57.4   +8.7   -4.6
    461  -18.4  -10.5  +34.5  -19.0   -9.1  +30.4
    411   -3.3  -48.0  +11.7   -3.1  -50.3   +8.4
    394   -6.2  +75.6  +38.0   -5.9  +79.1  +41.4
    394  +40.1  +28.7  +14.3  +40.1  +28.4  +13.4
    366  +34.8  -16.2  +48.3  +36.3  -16.6  +49.4
    362  +28.0  +15.3  +69.3  +28.8  +18.1  +70.4
    344  +52.0  +54.7  +51.3  +53.2  +55.6  +51.4
    341  -10.5   -9.7  +14.3  -10.6   -8.1  +12.4
    324  +52.2  +40.5  +49.1  +51.3  +39.7  +47.4
    313   -0.3  -40.9  +25.1   -1.2  -40.9  +25.4
    284  -23.0  +74.1   +1.1  -23.7  +75.3   -3.6
    273  +11.8  +66.0  -10.9  +11.9  +65.9  -11.6
    271  -33.9  -23.0   -0.5  -33.1  -23.1   -0.6
    269  -36.0  -29.8   +6.9  -40.6  -31.6   -1.6
    259   +7.5  +64.7  +63.8   +4.4  +66.9  +66.4
    255   -1.1  +31.5  -25.5   -0.2  +31.2  -28.6
    249   +2.0   -4.1  +25.7   +2.6   -4.4  +25.4
    236  +58.4  +13.5  +49.0  +59.8  +11.6  +46.4
    213  -40.9   -2.0  -29.6  -38.7   -4.4  -29.6
    211  -25.6  -32.4  +32.7  -25.6  -33.4  +32.4
    208  -32.0   +2.7  +67.3  -29.3   +2.2  +67.4
    207  -64.2  +10.5  +27.9  -67.7  +12.5  +24.4
    203  -48.3  +11.2  +19.7  -51.8  +11.6  +19.4
    200  -39.1  +30.5  +35.7  -40.6  +29.4  +33.4
    199  +33.7   +5.1  +58.0  +41.0   +7.8  +57.4
    196  -41.4   -6.1  -12.9  -43.4   -7.2  -12.6
    189  +51.7  +41.6  +62.4  +52.3  +39.7  +64.4
    188  -55.3  +27.9  +47.9  -52.7  +28.4  +45.4
    184  -46.7   +0.7   -5.2  -44.3   +0.3   -4.6
    182  +31.0  -42.4  +24.9  +30.7  -40.9  +24.4
    181  +62.4  +33.4  +26.7  +62.6  +33.1  +26.4
    180  -33.6  +21.6  +60.7  -34.0  +21.9  +62.4
    179  +41.4  +45.0  +46.5  +41.0  +45.3  +46.4
    179  -40.3  +29.5  +69.3  -37.7  +28.4  +70.4
    171  -22.2  -14.9  -10.0  -22.7  -15.6  -12.6
    168   +3.1  +66.9  +50.7   -1.2  +65.0  +50.4
    166  -21.9  +18.2  +70.4  -21.8  +18.1  +70.4
    165  +67.6   +8.9  +14.9  +68.2   +7.8  +14.4
    164  +27.0  +38.0   -5.8  +26.9  +37.8   -6.6
    160  +49.1   -6.8   +1.4  +50.4   -8.1   +1.4
    155  -24.1   +3.5  +11.0  -26.5   +5.9   +8.4
    150  +69.8  +32.3  +24.8  +70.1  +35.9  +27.4
    146  +27.8   +8.2   +1.1  +27.9   +7.8   +1.4
    144   -8.1  +66.6   +1.1   -9.6  +67.8   +0.4
    142  +11.9   -7.9  +38.0  +10.1   -4.4  +42.4
    142  +39.1  +19.6  +20.6  +39.1  +20.0  +20.4
    136  +52.8  +25.6   +2.3  +55.1  +26.6   +1.4
    132   +0.8  +47.8  -31.1   +1.6  +47.2  -31.6
    132   -0.9  -12.4   +5.8   -1.2  -13.8   +5.4
    131  +16.8  +32.3  -26.3  +18.5  +31.2  -28.6
    129  +23.8  +13.2  +51.9  +26.0  +11.6  +50.4
    124  -12.7  +41.9  +29.4  -12.4  +41.6  +25.4
    117  -28.8   +9.4  +69.5  -31.2  +11.6  +69.4
    115   -4.1  +48.8  +38.0   -3.1  +48.1  +38.4
    112  +38.6  +76.4  -23.1  +43.8  +75.3  -22.6
    111  -44.8   +6.4  -17.0  -45.2   +7.8  -16.6
    109   +5.4  -19.0  +11.3   +2.6  -23.1   +8.4
    109  -39.0  +21.5  +24.8  -39.6  +22.8  +24.4
    104  -29.5  +28.4  +70.0  -33.1  +27.5  +70.4
    101  +47.4   +4.2  -11.2  +47.6   +4.1  -10.6
     94  -19.6  -16.7  +13.0  -19.9  -16.6  +12.4
     93  -57.7  +47.6  +19.0  -59.3  +52.8  +19.4
     90  +10.8  +37.1   -0.6  +11.9  +35.0   +1.4
     88   -1.9  +48.2   +7.3   -2.1  +48.1   +7.4
     87  +17.1  +22.5  +57.0  +17.6  +22.8  +57.4
     85  +43.3  +74.5   +8.9  +43.8  +74.4   +9.4
     85  +39.6  +58.2  +47.0  +39.1  +57.5  +46.4
     85   -9.5   -1.4   +1.7  -10.6   -2.5   +0.4
     83  +26.7  +42.6  +20.7  +26.0  +44.4  +21.4
     82  +31.1  -27.2  +50.0  +34.4  -25.9  +47.4
     82  +25.9  +30.2   -2.2  +26.0  +25.6   -3.6
     81  +25.4  +26.2  -14.8  +24.1  +25.6  -15.6
     80  -60.4  +43.9  +24.1  -60.2  +44.4  +24.4
     79  +44.2  -19.5   -6.2  +44.8  -23.1   -6.6
     79  -33.8   +2.4   -7.9  -33.1   +3.1   -7.6
     78  -28.1   -1.1  -24.9  -27.4   -0.6  -24.6
     77  +38.4  +69.2  -35.3  +39.1  +69.7  -35.6
     77  -49.2  +40.2   -0.1  -49.9  +40.6   -0.6
     76  -49.6   -5.7  -20.1  -50.9   -0.6  -20.6
     75  -55.9  -10.6  +11.4  -55.6  -10.0   +8.4
     75  -42.5   -4.2   +4.3  -42.4   -3.4   +4.4
     74  +26.3   -1.1  +31.8  +26.9   -1.6  +31.4
     70   +9.9  +50.6  -37.8   +9.1  +51.9  -37.6
     70  -17.3  -13.7   +0.7  -16.2  -13.8   +0.4
     70  +34.6   +1.7  +38.5  +36.3   +6.9  +38.4
     69   +1.9  +43.8   -5.2   +3.5  +45.3   -6.6
     68  -21.8   +2.8  -19.6  -19.9   +3.1  -19.6
     68   +7.0  +29.0   -3.5   +8.2  +28.4   -3.6
     66  +45.2  +32.4  +33.5  +45.7  +32.2  +33.4
     66  -38.3  +24.3   +0.2  -38.7  +24.7   -0.6
     65  -36.5  +50.2   +8.0  -36.8  +50.0   +8.4
     65  -48.8  +66.6  +19.7  -49.9  +65.9  +19.4
     60  -13.9  +34.6  -31.7  -14.3  +34.1  -31.6
     60  -24.7  +36.4  -20.2  -25.6  +36.9  -20.6
     58  +22.7  +75.4   +3.9  +21.3  +80.0   +6.4
     58  +46.6  -15.9  -11.1  +47.6  -16.6  -10.6
     55  -34.9  +11.4  -20.3  -35.9  +11.6  -20.6
     54  -39.8   -7.3  -20.9  -40.6   -7.2  -20.6
     54  -16.5  +37.7  -24.2  -17.1  +37.8  -24.6
     53  -23.5  +58.6   +8.5  -23.7  +59.4   +8.4
     52  +53.0  -21.4  +20.7  +53.2  -20.3  +21.4
     51  -55.3  +29.9  +32.3  -55.6  +29.4  +32.4
     48  +65.6  +15.2  +21.4  +67.3  +15.3  +22.4
     46  +16.9  +72.0  -18.3  +16.6  +72.5  -18.6
     46   +4.7   +4.8  +13.0   +2.6   +4.1  +13.4
     46  -33.6  +58.5  +56.9  -34.9  +58.4  +57.4
     46  +30.8  +61.2  -31.0  +29.8  +62.2  -30.6
     46  -23.8  +22.8  +55.1  -23.7  +23.7  +55.4
     45  -30.2  +13.9  +54.2  -30.2  +14.4  +54.4
     43  -30.6  +52.9  -30.4  -30.2  +52.8  -29.6
     43   +2.3  +18.2   -7.1   +2.6  +18.1   -7.6
     42  +52.5   +0.5  +49.6  +53.2   +4.1  +48.4
     42  +17.0  +61.4  +75.5  +15.7  +62.2  +75.4
     42  -35.8  -13.3   -5.4  -36.8  -12.8   -5.6
     41  +31.3  +30.1  -15.7  +30.7  +32.2  -15.6
     41  +46.4  -10.3  +38.6  +46.6  -10.0  +38.4
     41  +14.9  +26.4  +31.4  +16.6  +26.6  +31.4
     40  -35.3  +54.9   -5.1  -34.9  +55.6   -6.6
     40   -4.1  +34.7   -1.1   -4.0  +35.0   -2.6
     40  +23.5  -45.2  +13.2  +24.1  -45.6  +13.4
     40  -71.3  +22.9  +17.8  -71.5  +24.7  +19.4
     40  -15.3  +21.0  +62.4  -15.2  +20.9  +62.4
     40   -2.4  +48.8  +75.8   -2.1  +49.1  +78.4