# AFNI interactive cluster table
# 3dClusterize -nosum -1Dformat -inset /media/hdd2/users/neuro4/hw/stats.FT1.aligned.nii.gz -idat 4 -ithr 5 -NN 1 -clust_nvox 40 -bisided -1.9731 1.9731
#Coordinate order = RAI
#Voxels  CM x   CM y   CM z  Peak x Peak y Peak z
#------ ------ ------ ------ ------ ------ ------
  29942  +20.8  +69.7  +30.0   -4.0  +88.4  +12.4
  16552   -1.5  +17.0  +49.9   -4.9  -10.9  +50.4
   8145  -25.1  +66.4  +44.3  -24.6  +76.2  +49.4
   2977  -46.4   -9.9  +30.4  -48.1  -11.9  +37.4
   2906  +32.7  +61.9   -1.3  +26.0  +63.1   -3.6
   2450  +29.0  +33.7  +72.7  +31.6  +28.4  +75.4
   2389  -23.4  +58.9  +66.3  -44.3  +51.9  +66.4
   2370  +31.2   +1.4  -12.3  +27.9   -6.3   -6.6
   2157   -3.2  +10.4  +32.5   -8.7   +3.1  +30.4
   2005  -43.3   +6.3  +48.9  -49.0   -0.6  +46.4
   1946  -19.0  +43.4  +10.9   -9.6  +43.4  +13.4
   1918  -44.1  +45.2  +22.4  -44.3  +41.6  +24.4
   1733  -39.0  -21.4  +11.7  -40.6  -31.6   -1.6
   1641  -10.3   +9.7  +15.0  -10.6   +5.9  +25.4
   1564  -29.6  +49.9   -1.9  -31.2  +47.2   -7.6
   1435   +1.5  +34.2  +16.8   -0.2  +38.7  +13.4
   1342  +12.3  +13.9   -9.9   +9.1   +8.7  -11.6
   1231  -14.2  +60.5  -10.5   -8.7  +63.1  -11.6
   1169  +22.2  +50.7  -22.9  +21.3  +48.1  -23.6
   1059   +9.5  +18.2  +10.3  +11.9  +10.6   +0.4
   1001   -8.8  +56.1  -36.9  -12.4  +59.4  -36.6
    994  -27.7  +36.5  +21.9  -27.4  +35.0  +20.4
    892  +38.2  +59.0  -23.4  +36.3  +54.7  -23.6
    756  -19.8  +38.7  +62.5  -19.0  +37.8  +58.4
    743  +48.8  +11.9   +3.8  +44.8  +13.4   +6.4
    725  -59.8  +34.0  +24.8  -58.4  +35.0  +24.4
    722  +20.8   +1.8  +10.9  +21.3   +1.2   +7.4
    673  -65.9  +35.4  +44.8  -69.6  +35.0  +44.4
    671  +16.9   +8.2  +23.3  +12.9   +7.8  +25.4
    642   -6.1  +24.3   +5.0   -1.2  +25.6   +8.4
    639  +28.2  +39.4  +48.5  +28.8  +39.7  +46.4
    617  -34.8  +60.3  +39.7  -34.0  +60.3  +37.4
    562  +10.6  +17.9  +70.0  +11.0  +16.2  +70.4
    548  +35.5  -14.3   +5.3  +32.6  -14.7   +6.4
    534   -1.3  +43.1  -18.0   +0.7  +43.4  -18.6
    521  -17.6  +21.4  +24.7  -17.1  +21.9  +25.4
    506  -58.0   +8.5   -0.2  -57.4   +8.7   -4.6
    494  +37.0  -35.8   +8.5  +35.4  -40.0   +8.4
    472  -18.4  -10.5  +34.5  -19.0   -9.1  +30.4
    440  -37.6  +26.2  +66.1  -37.7  +27.5  +71.4
    405  +27.9  +15.5  +69.3  +28.8  +18.1  +70.4
    400  +40.1  +28.8  +14.2  +40.1  +28.4  +13.4
    385  +34.9  -16.2  +48.3  +36.3  -16.6  +49.4
    368  +12.8  +65.9   +0.3  +15.7  +67.8   +1.4
    365   -3.3  -47.9  +11.7   -3.1  -50.3   +8.4
    361  +51.9  +54.7  +51.4  +53.2  +55.6  +51.4
    338  -10.5   -9.7  +14.3  -10.6   -8.1  +12.4
    336   -0.2  -40.9  +25.1   -1.2  -40.9  +25.4
    336  +52.1  +40.3  +49.0  +51.3  +39.7  +47.4
    314  -25.9  +81.4  +26.6  -26.5  +82.8  +25.4
    291  -23.0  +74.1   +1.2  -23.7  +75.3   -3.6
    273  +11.8  +66.0  -10.9  +11.9  +65.9  -11.6
    272   -0.9  +31.5  -25.5   -0.2  +31.2  -28.6
    271   +7.2  +64.8  +64.0   +3.5  +67.8  +67.4
    270  -33.9  -22.9   -0.5  -33.1  -23.1   -0.6
    267   +2.0   -4.1  +25.6   +2.6   -4.4  +25.4
    256  +58.1  +13.4  +49.1  +57.9   +9.7  +47.4
    227  -32.0   +2.8  +67.3  -28.4   +2.2  +68.4
    222  -64.3  +10.4  +27.6  -67.7  +12.5  +24.4
    211  -41.0   -1.9  -29.6  -38.7   -4.4  -29.6
    211  -25.6  -32.4  +32.7  -25.6  -33.4  +32.4
    208  -46.6   +0.7   -5.2  -44.3   +0.3   -4.6
    208  +33.5   +5.2  +57.9  +41.0   +7.8  +57.4
    198  -39.1  +30.4  +35.7  -40.6  +29.4  +33.4
    195  +40.8  +45.0  +46.8  +41.0  +45.3  +46.4
    191  -41.3   -6.1  -12.9  -43.4   -7.2  -12.6
    190  -48.3  +11.3  +19.6  -51.8  +11.6  +19.4
    187  +31.0  -42.4  +24.9  +30.7  -40.9  +24.4
    185  +23.8  +13.2  +51.8  +26.0  +11.6  +50.4
    183  +62.4  +33.4  +26.7  +62.6  +33.1  +26.4
    182  -55.2  +27.9  +47.9  -52.7  +28.4  +45.4
    174   +3.0  +66.9  +50.7   -1.2  +65.0  +50.4
    171  -22.2  -14.9  -10.0  -22.7  -15.6  -12.6
    166  -24.3   +3.7  +10.9  -26.5   +5.9   +8.4
    165  +67.6   +8.9  +14.9  +68.2   +7.8  +14.4
    163  +49.1   -6.6   +1.4  +50.4   -8.1   +1.4
    160  -21.4  +18.5  +70.3  -21.8  +18.1  +70.4
    158  +27.0  +38.0   -5.8  +26.9  +37.8   -6.6
    157  +69.8  +32.3  +24.9  +70.1  +35.9  +27.4
    156  +51.8  +41.8  +62.3  +52.3  +40.6  +64.4
    151  +27.8   +8.2   +1.1  +27.9   +7.8   +1.4
    150   -8.1  +66.6   +1.1   -9.6  +67.8   +0.4
    146  +52.5  +25.6   +2.3  +55.1  +26.6   +1.4
    144  +39.1  +19.6  +20.5  +39.1  +19.1  +20.4
    143  +11.8   -7.9  +38.0  +10.1   -4.4  +42.4
    140   +0.8  +47.8  -31.1   +1.6  +47.2  -31.6
    136   -0.9  -12.4   +5.8   -1.2  -13.8   +5.4
    128  +16.8  +32.4  -26.4  +18.5  +31.2  -28.6
    127  -12.7  +41.9  +29.3  -12.4  +41.6  +25.4
    125  +38.4  +76.4  -23.0  +43.8  +75.3  -22.6
    124  -30.0  +28.4  +70.0  -34.0  +27.5  +70.4
    122  -29.1   +9.7  +69.5  -31.2  +11.6  +69.4
    121   -4.1  +48.8  +38.0   -3.1  +48.1  +38.4
    115  -39.1  +21.5  +24.8  -39.6  +22.8  +24.4
    109  -44.8   +6.4  -17.0  -45.2   +7.8  -16.6
    108  +10.6  +37.3   -0.4  +11.9  +35.0   +1.4
    103   +5.4  -19.1  +11.2   +2.6  -23.1   +8.4
    101   +2.7  +77.5  +47.8   +2.6  +80.0  +45.4
    100  +47.4   +4.2  -11.2  +47.6   +4.1  -10.6
     93  -57.8  +48.0  +19.1  -59.3  +52.8  +19.4
     93  +26.9  +42.5  +20.6  +26.0  +44.4  +21.4
     92  -19.6  -16.6  +13.0  -19.9  -16.6  +12.4
     88  +43.2  +74.7   +8.8  +43.8  +74.4   +9.4
     88  +39.7  +58.2  +47.0  +39.1  +57.5  +46.4
     87   -2.0  +48.2   +7.3   -2.1  +48.1   +7.4
     86  +17.1  +22.5  +57.1  +17.6  +22.8  +57.4
     84   -9.6   -1.4   +1.6  -10.6   -2.5   +0.4
     81  +31.1  -27.2  +50.1  +34.4  -25.9  +47.4
     81  +25.3  +26.2  -14.9  +24.1  +25.6  -15.6
     80  -28.1   -1.1  -24.9  -27.4   -0.6  -24.6
     79  -49.2  +40.2   -0.1  -49.9  +40.6   -0.6
     77  +38.4  +69.2  -35.3  +39.1  +69.7  -35.6
     76  +44.2  -19.4   -6.2  +44.8  -23.1   -6.6
     76  -48.8  +66.6  +19.7  -49.9  +65.9  +19.4
     76  -60.3  +44.0  +24.1  -60.2  +44.4  +24.4
     76  -33.7   +2.4   -7.8  -33.1   +3.1   -7.6
     76  -42.5   -4.2   +4.3  -42.4   -3.4   +4.4
     75  -55.8  -10.5  +11.3  -55.6  -10.0   +7.4
     75  +34.7   +1.8  +38.5  +36.3   +6.9  +38.4
     74   +9.7  +50.7  -37.8   +8.2  +51.9  -37.6
     73  -21.8   +2.9  -19.5  -19.9   +3.1  -19.6
     70  -17.3  -13.7   +0.7  -16.2  -13.8   +0.4
     70  -49.6   -5.5  -20.1  -50.9   -0.6  -20.6
     69  -36.5  +50.3   +8.0  -36.8  +50.0   +8.4
     68   +7.0  +29.0   -3.5   +8.2  +28.4   -3.6
     68  +46.5  -15.9  -11.1  +47.6  -16.6  -10.6
     67  +45.2  +32.4  +33.5  +45.7  +32.2  +33.4
     66  -38.3  +24.3   +0.2  -38.7  +24.7   -0.6
     65   +2.0  +43.9   -5.3   +3.5  +45.3   -6.6
     65  +17.2  +70.7   +5.7  +15.7  +71.6   +3.4
     65  +25.9  +30.3   -2.2  +26.0  +26.6   -3.6
     64  -14.0  +34.5  -31.7  -14.3  +34.1  -31.6
     64  +26.4   -1.1  +31.7  +26.9   -1.6  +31.4
     61  -24.7  +36.4  -20.2  -25.6  +36.9  -20.6
     57  -39.9   -7.3  -20.9  -40.6   -7.2  -20.6
     57  -16.6  +37.7  -24.1  -17.1  +37.8  -24.6
     56  -34.9  +11.4  -20.4  -35.9  +11.6  -20.6
     55  +53.0  -21.4  +20.7  +53.2  -20.3  +21.4
     54  +22.8  +75.4   +3.9  +21.3  +80.0   +6.4
     53  -23.5  +58.6   +8.5  -24.6  +59.4   +8.4
     53  -30.2  +13.8  +54.3  -30.2  +14.4  +54.4
     50  +52.6   +1.0  +49.4  +54.1   +4.1  +48.4
     49  -33.7  +58.5  +56.9  -34.9  +58.4  +57.4
     49  +65.7  +15.2  +21.5  +67.3  +15.3  +22.4
     48  +50.4  +59.2   +1.9  +51.3  +60.3   +2.4
     48  -55.3  +29.9  +32.3  -55.6  +29.4  +32.4
     47  -30.6  +52.9  -30.4  -30.2  +52.8  -29.6
     47  +16.9  +72.0  -18.4  +16.6  +72.5  -18.6
     47  +30.7  +61.2  -31.0  +29.8  +62.2  -30.6
     47  -23.9  +22.8  +55.1  -23.7  +23.7  +55.4
     46  +15.0  +26.4  +31.5  +16.6  +26.6  +31.4
     45   +4.5   +4.9  +13.1   +2.6   +4.1  +13.4
     43  -36.0  -13.5   -5.4  -36.8  -12.8   -5.6
     42   +2.2  +18.3   -7.1   +2.6  +18.1   -7.6
     41  +46.4  -10.3  +38.6  +46.6   -9.1  +38.4
     41  -45.8  +27.5  +61.9  -46.2  +26.6  +62.4
     41  +17.0  +61.4  +75.5  +15.7  +62.2  +75.4
     40  +31.3  +30.1  -15.7  +30.7  +32.2  -15.6