# AFNI interactive cluster table
# 3dClusterize -nosum -1Dformat -inset /media/hdd2/users/neuro4/hw/stats.FT1.aligned.nii.gz -idat 7 -ithr 8 -NN 1 -clust_nvox 40 -bisided -1.9731 1.9731
#Coordinate order = RAI
#Voxels  CM x   CM y   CM z  Peak x Peak y Peak z
#------ ------ ------ ------ ------ ------ ------
  27852  +21.1  +69.8  +30.1   -4.0  +88.4  +12.4
  14822   -1.7  +16.9  +49.6   -4.9  -10.9  +50.4
   7692  -25.1  +66.5  +44.4  -24.6  +76.2  +49.4
   2874  -46.4   -9.9  +30.3  -48.1  -11.9  +37.4
   2287  +31.3   +1.3  -12.3  +27.9   -6.3   -6.6
   2286   -2.3  +10.0  +32.5   -8.7   +3.1  +30.4
   2211  +28.8  +34.0  +73.0  +31.6  +28.4  +75.4
   2087  +34.3  +61.1   +1.8  +46.6  +54.7   -5.6
   1871  -44.0  +45.2  +22.7  -44.3  +41.6  +24.4
   1727  -42.5   +5.7  +48.9  -49.0   -0.6  +46.4
   1714  -18.9  +43.4  +10.8   -9.6  +44.4  +13.4
   1628  -25.2  +60.6  +65.4  -44.3  +51.9  +66.4
   1582   +1.2  +34.0  +16.9   -0.2  +37.8  +13.4
   1517  -10.2   +9.6  +14.8  -11.5   +5.0  +25.4
   1434  -29.6  +49.7   -1.8  -31.2  +47.2   -7.6
   1363  +12.4  +14.1   -9.7   +9.1   +8.7  -11.6
   1332  -40.3  -18.9  +13.0  -43.4  -20.3  +16.4
   1186  +22.2  +50.7  -22.9  +19.4  +47.2  -23.6
   1115  -13.9  +60.4  -10.4   -8.7  +63.1  -11.6
   1008  -27.4  +36.5  +21.9  -27.4  +35.0  +20.4
    948   -8.8  +56.1  -36.9  -12.4  +59.4  -36.6
    875   +9.0  +17.8   +9.7  +11.0  +10.6   +0.4
    871  +38.2  +59.0  -23.4  +36.3  +54.7  -23.6
    719  +20.7   +1.8  +11.0  +21.3   +1.2   +7.4
    711  +49.1  +11.8   +3.7  +44.8  +13.4   +6.4
    675  -59.8  +34.3  +25.1  -62.1  +35.0  +29.4
    610  -19.8  +38.5  +62.4  -19.0  +37.8  +58.4
    609  -66.0  +35.2  +44.7  -69.6  +35.0  +44.4
    577  +27.9  +39.5  +48.6  +28.8  +39.7  +46.4
    573  +16.7   +8.0  +23.5  +12.9   +7.8  +25.4
    571   -5.8  +24.4   +4.6   -1.2  +25.6   +8.4
    561  +26.5  +64.5  -10.6  +26.0  +61.2   -4.6
    549  -34.7  +60.2  +39.9  -34.0  +60.3  +37.4
    538   -1.3  +43.1  -18.1   +0.7  +43.4  -18.6
    497  +37.0  -35.8   +8.6  +35.4  -40.0   +8.4
    472  -18.4  -10.5  +34.3  -19.0   -9.1  +30.4
    460  -17.7  +21.5  +24.8  -17.1  +21.9  +25.4
    455  -57.9   +8.6   -0.2  -57.4   +8.7   -4.6
    455  +35.8  -14.5   +4.8  +32.6  -14.7   +6.4
    449  -14.5  +52.0  +69.8  -10.6  +54.7  +71.4
    448  +10.8  +17.7  +70.1  +11.0  +15.3  +70.4
    398   -3.3  -48.0  +11.8   -3.1  -50.3   +8.4
    398  +40.1  +28.8  +14.2  +40.1  +28.4  +13.4
    350  +34.9  -16.1  +48.4  +36.3  -16.6  +49.4
    347   -6.4  +76.0  +38.1   -5.9  +79.1  +41.4
    331  +12.7  +65.9   +0.2  +15.7  +67.8   +1.4
    325  +51.9  +54.7  +51.4  +53.2  +55.6  +51.4
    316  -10.5   -9.7  +14.3  -10.6   -8.1  +12.4
    302  -26.0  +81.4  +26.6  -26.5  +82.8  +25.4
    299   -0.3  -40.9  +25.1   -1.2  -40.9  +25.4
    294  +52.2  +40.3  +49.1  +51.3  +39.7  +47.4
    278   +1.9   -4.0  +25.7   +2.6   -4.4  +25.4
    276  +28.1  +14.5  +69.1  +27.9  +17.2  +70.4
    270  -23.0  +74.0   +1.2  -23.7  +75.3   -3.6
    258  -33.9  -22.9   -0.5  -33.1  -23.1   -0.6
    254  +11.8  +66.0  -10.9  +11.9  +65.9  -11.6
    241   -1.0  +31.5  -25.6   -0.2  +31.2  -28.6
    215  -39.0  +30.5  +35.6  -40.6  +29.4  +33.4
    215  +51.6  +41.3  +62.3  +52.3  +38.7  +64.4
    213  -36.3  -30.0   +6.3  -40.6  -31.6   -1.6
    210   +7.6  +64.7  +63.7   +5.4  +65.9  +66.4
    204  -55.5  +11.3  +48.0  -55.6  +10.6  +47.4
    203  -40.9   -1.9  -29.6  -38.7   -4.4  -29.6
    202  +58.5  +13.6  +49.0  +59.8  +11.6  +46.4
    201  +33.4   +5.1  +57.9  +41.0   +7.8  +57.4
    196  -48.3  +11.2  +19.7  -51.8  +11.6  +19.4
    190  -25.5  -32.5  +32.6  -25.6  -33.4  +32.4
    183  +62.4  +33.4  +26.7  +62.6  +33.1  +26.4
    181  +52.3  +25.6   +2.4  +55.1  +26.6   +1.4
    181  +31.0  -42.4  +24.9  +30.7  -40.9  +24.4
    179  -41.5   -6.1  -12.8  -43.4   -7.2  -12.6
    172  +26.9  +38.1   -5.9  +26.9  +37.8   -6.6
    172  -63.9  +10.4  +28.4  -64.9  +10.6  +28.4
    172  -33.6  +21.6  +60.8  -34.0  +21.9  +62.4
    167  -54.9  +28.0  +47.8  -52.7  +28.4  +45.4
    163  -22.2  -14.9  -10.1  -22.7  -15.6  -12.6
    161  +67.6   +9.0  +14.9  +68.2   +7.8  +14.4
    159  -33.0   +2.9  +67.2  -29.3   +1.2  +68.4
    155  +39.1  +19.5  +20.5  +39.1  +19.1  +20.4
    154  -46.1   +1.1   -5.3  -44.3   +0.3   -4.6
    148  +38.6  +76.2  -23.1  +43.8  +75.3  -22.6
    147  +49.2   -6.8   +1.4  +50.4   -8.1   +1.4
    147  -24.0   +3.5  +11.0  -26.5   +5.9   +7.4
    145  +24.0  +13.2  +51.7  +26.0  +11.6  +50.4
    144   +0.8  +47.8  -31.1   +1.6  +47.2  -31.6
    144   +3.3  +67.0  +50.7   -1.2  +65.0  +50.4
    143  -21.7  +18.2  +70.4  -21.8  +18.1  +70.4
    135  +27.8   +8.2   +1.1  +27.9   +7.8   +1.4
    134   -1.0  -12.5   +5.8   -1.2  -13.8   +5.4
    134  +69.8  +32.0  +24.7  +70.1  +35.9  +27.4
    134  -40.6  +29.7  +69.2  -40.6  +29.4  +69.4
    131  +16.8  +32.4  -26.5  +18.5  +31.2  -28.6
    121  -12.8  +41.9  +29.4  -12.4  +41.6  +25.4
    119   -4.1  +48.8  +38.0   -3.1  +48.1  +38.4
    116  +42.0  +44.9  +45.9  +41.0  +45.3  +46.4
    112  +12.1   -8.0  +37.8  +11.0   -4.4  +42.4
    108  -39.0  +21.5  +24.9  -39.6  +22.8  +24.4
    104  +10.7  +37.2   -0.6  +11.9  +35.0   +1.4
    104  -44.9   +6.5  -17.0  -45.2   +7.8  -16.6
    104   +5.2  -19.3  +11.1   +2.6  -23.1   +8.4
    100   -7.9  +66.5   +1.0   -8.7  +67.8   +0.4
     99   -9.7   -1.3   +1.6  -10.6   -2.5   +0.4
     99  +47.5   +4.2  -11.2  +47.6   +4.1  -10.6
     99  -28.6   +9.2  +69.7  -31.2  +11.6  +69.4
     95  +25.7  +30.4   -1.8  +26.0  +25.6   -3.6
     87  +39.7  +58.2  +47.0  +39.1  +57.5  +46.4
     84  -28.8  +28.6  +69.9  -32.1  +27.5  +70.4
     83  +25.3  +26.2  -14.8  +24.1  +25.6  -15.6
     83  -33.7   +2.4   -7.8  -33.1   +3.1   -7.6
     83  -19.7  -16.6  +13.0  -19.9  -16.6  +12.4
     80  +31.3  -27.1  +50.0  +34.4  -25.9  +47.4
     79  +26.9  +42.6  +20.7  +26.0  +44.4  +21.4
     79  +44.2  -19.5   -6.2  +44.8  -23.1   -6.6
     77  -42.4   -4.2   +4.2  -42.4   -3.4   +4.4
     77  -60.4  +43.9  +24.2  -60.2  +44.4  +24.4
     75  -38.3  +24.3   +0.4  -38.7  +24.7   -0.6
     74  -28.1   -1.2  -24.9  -27.4   -0.6  -24.6
     74  +17.1  +71.0   +5.7  +15.7  +71.6   +3.4
     73   +6.9  +18.5  +58.3   +7.3  +18.1  +58.4
     72  -24.6  +36.6  -20.3  -25.6  +36.9  -20.6
     71  +38.4  +69.2  -35.3  +39.1  +69.7  -35.6
     71  +43.2  +74.7   +8.7  +43.8  +74.4   +9.4
     70  -49.7   -5.8  -20.0  -50.9   -0.6  -20.6
     70  -49.1  +40.3   -0.1  -49.9  +40.6   -0.6
     70  +16.9  +22.4  +57.1  +17.6  +22.8  +57.4
     69  +34.7   +1.8  +38.5  +36.3   +6.9  +38.4
     67  -36.5  +50.3   +7.9  -36.8  +50.0   +8.4
     66  -14.0  +34.5  -31.7  -14.3  +34.1  -31.6
     66  +46.5  -15.9  -11.1  +47.6  -16.6  -10.6
     65   -2.0  +48.2   +7.4   -2.1  +48.1   +7.4
     63   +1.9  +43.8   -5.2   +0.7  +40.6   -3.6
     63  -48.8  +66.7  +19.8  -49.9  +65.9  +19.4
     63  +45.2  +32.6  +33.6  +45.7  +33.1  +33.4
     61  +10.1  +50.0  -37.8   +8.2  +50.9  -37.6
     58  -16.7  +37.7  -24.1  -17.1  +37.8  -24.6
     58   -2.4  +48.8  +76.3   -1.2  +50.0  +79.4
     57   +6.9  +28.9   -3.5   +8.2  +28.4   -3.6
     57  +23.2  +44.7  +63.4  +24.1  +45.3  +63.4
     56  -21.9   +3.0  -19.7  -19.9   +3.1  -19.6
     55  -34.9  +11.4  -20.3  -35.9  +11.6  -20.6
     55  +65.5  +15.3  +21.5  +67.3  +15.3  +22.4
     54   +6.9  +39.3  +75.2   +6.3  +39.7  +75.4
     53  -30.2  +13.8  +54.3  -30.2  +13.4  +54.4
     53  -17.4  -13.8   +0.8  -16.2  -13.8   +0.4
     53  +22.9  +75.4   +4.1  +23.2  +72.5   +1.4
     52  -23.8  +22.8  +55.1  -23.7  +23.7  +55.4
     50  -42.3  +58.9   +0.6  -44.3  +59.4   +0.4
     49  -39.9   -7.3  -21.0  -40.6   -7.2  -20.6
     48  +30.7  +61.2  -31.0  +29.8  +62.2  -30.6
     47  +53.1  -21.3  +20.7  +53.2  -20.3  +21.4
     46  +23.5  -45.2  +13.0  +24.1  -45.6  +13.4
     46  -23.4  +58.6   +8.5  -23.7  +59.4   +8.4
     46  +46.5  -10.2  +38.6  +46.6  -10.0  +38.4
     45  +15.1  +26.4  +31.4  +16.6  +26.6  +31.4
     45  -15.2  +20.9  +62.4  -15.2  +20.9  +62.4
     44   +4.7   +4.8  +13.1   +2.6   +4.1  +13.4
     43  -71.3  +22.9  +17.8  -71.5  +24.7  +19.4
     42  -35.8  -13.3   -5.4  -36.8  -12.8   -5.6
     42  +17.0  +72.0  -18.4  +16.6  +72.5  -18.6
     40  -33.5  +58.4  +56.9  -34.9  +58.4  +57.4