4.392
6.807
9.819
12.417
14.617
19.217
21.815
27.011
29.609
31.61
34.606
37.005
39.802
42.399
45.195
47.594
50.589
53.585
56.381
61.377
64.372
66.771
71.571
73.572
78.569
81.564
84.162
88.762
91.162
93.561
95.96
98.557
104.548
106.947
111.944
114.74
117.139
119.737
122.533
124.536
129.929
134.727
138.93
141.132
143.133
145.335
148.329
150.53
153.128
155.329
158.323
163.32
165.323
168.317
170.319
172.52
175.514
181.307
184.301
187.295
189.298
192.293
195.09
198.085
200.681
203.279
205.48
210.279
212.876
215.077
218.072
220.471
225.667
231.26
234.057
238.855
241.651
247.044
249.842
255.235
258.032
260.431
263.228
265.428
270.624
273.42
275.621
280.817
282.819
287.617
290.015
292.019
297.016
300.01
302.012
304.609
310.401
312.403
317.003
319.203
